        1	2015-01-30 00:56:56	1	0	1	0
        7	2015-01-30 09:28:54	1	0	1	0
        8	2015-01-30 09:32:54	1	0	1	0
        9	2015-01-30 09:33:33	1	0	1	0
        6	2015-01-30 09:38:23	1	0	1	0
        4	2015-01-30 09:38:32	1	0	1	0
        2	2015-01-30 09:41:05	1	0	1	0
        3	2015-01-30 09:41:17	1	0	1	0
       10	2015-01-30 10:00:56	1	0	1	0
        2	2015-01-30 10:59:40	1	0	1	0
        4	2015-01-30 12:11:47	1	0	1	0
        6	2015-01-30 12:12:48	1	5	1	0
        2	2015-01-30 12:45:21	1	0	1	0
       10	2015-01-30 12:58:52	1	5	1	0
        3	2015-01-30 13:08:57	1	5	1	0
        9	2015-01-30 13:27:27	1	0	1	0
        8	2015-01-30 13:34:24	1	5	1	0
       10	2015-01-30 13:49:39	1	4	1	0
        6	2015-01-30 13:57:28	1	4	1	0
        4	2015-01-30 14:05:03	1	4	1	0
        7	2015-01-30 14:29:15	1	5	1	0
        3	2015-01-30 15:01:28	1	4	1	0
        8	2015-01-30 15:15:17	1	4	1	0
        9	2015-01-30 15:22:11	1	4	1	0
        7	2015-01-30 16:20:35	1	0	1	0
        6	2015-01-30 16:36:45	1	0	1	0
        7	2015-01-30 18:05:41	1	4	1	0
       10	2015-01-30 19:15:11	1	0	1	0
        8	2015-01-30 19:25:47	1	1	1	0
        9	2015-01-30 19:26:15	1	0	1	0
        6	2015-01-30 19:29:00	1	1	1	0
        5	2015-01-30 19:31:30	1	0	1	0
        5	2015-01-30 19:31:37	1	0	1	0
        9	2015-01-31 09:18:52	1	0	1	0
        6	2015-01-31 09:19:31	1	0	1	0
        5	2015-01-31 09:37:19	1	0	1	0
       10	2015-01-31 10:21:20	1	0	1	0
        9	2015-01-31 13:00:47	1	5	1	0
        9	2015-01-31 14:28:38	1	4	1	0
        6	2015-01-31 14:52:44	1	5	1	0
        6	2015-01-31 16:19:00	1	4	1	0
        9	2015-01-31 19:53:42	1	1	1	0
       10	2015-01-31 19:53:50	1	1	1	0
        6	2015-01-31 20:14:12	1	1	1	0
        6	2015-01-31 20:14:22	1	1	1	0
        6	2015-01-31 20:14:24	1	1	1	0
        7	2015-02-02 08:56:11	1	0	1	0
        8	2015-02-02 08:56:24	1	0	1	0
        6	2015-02-02 08:56:34	1	0	1	0
        9	2015-02-02 08:57:15	1	0	1	0
        1	2015-02-02 08:58:12	1	0	1	0
        2	2015-02-02 09:03:01	1	0	1	0
        3	2015-02-02 09:03:12	1	0	1	0
       11	2015-02-02 09:04:58	1	0	1	0
        5	2015-02-02 09:11:40	1	0	1	0
       10	2015-02-02 09:23:36	1	0	1	0
       11	2015-02-02 11:04:34	1	5	1	0
       10	2015-02-02 12:41:45	1	0	1	0
       11	2015-02-02 12:48:50	1	4	1	0
        2	2015-02-02 12:49:25	1	5	1	0
        3	2015-02-02 13:11:22	1	5	1	0
        9	2015-02-02 13:19:41	1	5	1	0
       10	2015-02-02 13:27:31	1	3	1	0
        6	2015-02-02 13:42:30	1	5	1	0
        7	2015-02-02 14:05:55	1	5	1	0
        2	2015-02-02 14:46:25	1	0	1	0
        3	2015-02-02 15:01:07	1	0	1	0
        9	2015-02-02 15:12:00	1	4	1	0
        6	2015-02-02 15:41:15	1	4	1	0
        7	2015-02-02 15:54:24	1	4	1	0
        2	2015-02-02 19:02:00	1	1	1	0
        3	2015-02-02 19:06:58	1	1	1	0
        5	2015-02-02 19:17:23	1	4	1	0
        5	2015-02-02 19:17:43	1	1	1	0
        9	2015-02-02 19:19:19	1	1	1	0
       11	2015-02-02 19:22:31	1	1	1	0
        6	2015-02-02 19:25:21	1	1	1	0
       10	2015-02-02 19:25:52	1	1	1	0
        6	2015-02-03 08:53:25	1	0	1	0
        2	2015-02-03 08:54:07	1	0	1	0
        7	2015-02-03 08:56:44	1	0	1	0
        9	2015-02-03 08:58:47	1	0	1	0
        3	2015-02-03 08:59:05	1	0	1	0
        8	2015-02-03 08:59:12	1	0	1	0
        5	2015-02-03 09:01:00	1	0	1	0
       11	2015-02-03 09:07:27	1	4	1	0
       10	2015-02-03 09:15:19	1	0	1	0
       11	2015-02-03 11:10:09	1	1	1	0
        2	2015-02-03 12:22:00	1	0	1	0
       10	2015-02-03 12:31:24	1	5	1	0
       11	2015-02-03 13:04:16	1	0	1	0
        3	2015-02-03 13:22:51	1	5	1	0
        8	2015-02-03 13:52:11	1	5	1	0
        9	2015-02-03 13:52:50	1	5	1	0
        6	2015-02-03 13:57:30	1	5	1	0
        7	2015-02-03 14:03:17	1	5	1	0
        2	2015-02-03 14:41:01	1	0	1	0
       10	2015-02-03 14:46:29	1	4	1	0
        3	2015-02-03 15:03:36	1	4	1	0
        9	2015-02-03 15:28:54	1	4	1	0
        8	2015-02-03 15:56:30	1	0	1	0
        7	2015-02-03 15:57:18	1	4	1	0
        6	2015-02-03 15:57:45	1	4	1	0
        3	2015-02-03 19:01:36	1	1	1	0
        7	2015-02-03 19:13:14	1	1	1	0
       11	2015-02-03 19:14:06	1	0	1	0
        8	2015-02-03 19:20:58	1	0	1	0
        8	2015-02-03 19:22:35	1	1	1	0
        9	2015-02-03 19:23:14	1	1	1	0
       10	2015-02-03 19:23:51	1	1	1	0
       10	2015-02-03 19:23:52	1	1	1	0
        7	2015-02-04 08:58:57	1	0	1	0
       11	2015-02-04 08:59:10	1	0	1	0
        3	2015-02-04 08:59:16	1	0	1	0
        2	2015-02-04 08:59:23	1	0	1	0
        9	2015-02-04 08:59:28	1	0	1	0
        6	2015-02-04 08:59:30	1	0	1	0
        8	2015-02-04 08:59:45	1	0	1	0
        5	2015-02-04 09:01:53	1	0	1	0
       10	2015-02-04 10:04:45	1	0	1	0
       11	2015-02-04 11:03:51	1	0	1	0
        2	2015-02-04 12:33:55	1	0	1	0
        6	2015-02-04 12:44:02	1	4	1	0
       11	2015-02-04 12:56:47	1	0	1	0
        9	2015-02-04 13:08:53	1	5	1	0
        3	2015-02-04 13:12:27	1	0	1	0
        8	2015-02-04 13:58:13	1	0	1	0
        7	2015-02-04 14:02:27	1	5	1	0
        2	2015-02-04 14:33:14	1	0	1	0
        6	2015-02-04 14:52:39	1	4	1	0
        3	2015-02-04 15:00:15	1	4	1	0
        9	2015-02-04 15:01:28	1	4	1	0
        8	2015-02-04 15:22:19	1	0	1	0
        7	2015-02-04 15:56:10	1	4	1	0
        8	2015-02-04 18:53:22	1	1	1	0
        7	2015-02-04 19:01:33	1	1	1	0
        3	2015-02-04 19:02:11	1	1	1	0
       11	2015-02-04 19:06:04	1	0	1	0
        9	2015-02-04 19:08:02	1	1	1	0
        9	2015-02-04 19:08:03	1	1	1	0
        2	2015-02-04 19:09:05	1	1	1	0
        6	2015-02-04 19:20:41	1	1	1	0
       10	2015-02-04 19:21:49	1	1	1	0
        3	2015-02-05 08:36:21	1	0	1	0
        2	2015-02-05 08:58:11	1	0	1	0
       11	2015-02-05 08:58:19	1	0	1	0
        6	2015-02-05 08:58:32	1	0	1	0
        8	2015-02-05 09:01:38	1	0	1	0
        7	2015-02-05 09:02:06	1	0	1	0
        5	2015-02-05 09:10:14	1	0	1	0
        9	2015-02-05 09:13:55	1	0	1	0
       11	2015-02-05 11:03:02	1	1	1	0
        2	2015-02-05 12:12:05	1	0	1	0
       11	2015-02-05 13:03:15	1	0	1	0
        3	2015-02-05 13:20:48	1	1	1	0
        6	2015-02-05 13:43:04	1	5	1	0
        7	2015-02-05 14:02:47	1	5	1	0
        2	2015-02-05 14:23:24	1	4	1	0
        9	2015-02-05 14:45:27	1	5	1	0
        3	2015-02-05 14:57:02	1	4	1	0
        7	2015-02-05 15:29:05	1	4	1	0
        6	2015-02-05 15:55:43	1	4	1	0
        9	2015-02-05 16:35:57	1	4	1	0
        2	2015-02-05 18:58:04	1	0	1	0
        6	2015-02-05 18:59:04	1	1	1	0
        7	2015-02-05 18:59:25	1	1	1	0
        3	2015-02-05 18:59:33	1	1	1	0
        5	2015-02-05 18:59:49	1	1	1	0
        9	2015-02-05 19:00:22	1	0	1	0
       10	2015-02-05 19:26:56	1	0	1	0
       11	2015-02-05 19:27:17	1	0	1	0
        6	2015-02-06 08:57:57	1	0	1	0
        7	2015-02-06 08:58:19	1	0	1	0
        9	2015-02-06 08:58:27	1	0	1	0
        3	2015-02-06 08:58:34	1	0	1	0
        8	2015-02-06 09:01:52	1	0	1	0
       11	2015-02-06 09:05:15	1	0	1	0
        2	2015-02-06 09:06:04	1	0	1	0
        5	2015-02-06 09:17:55	1	0	1	0
        7	2015-02-06 12:00:42	1	5	1	0
        2	2015-02-06 12:05:41	1	5	1	0
        3	2015-02-06 13:18:15	1	5	1	0
        9	2015-02-06 13:46:17	1	5	1	0
        6	2015-02-06 14:01:57	1	5	1	0
        7	2015-02-06 14:02:21	1	4	1	0
        2	2015-02-06 14:15:43	1	4	1	0
        3	2015-02-06 15:06:06	1	4	1	0
        9	2015-02-06 16:02:33	1	0	1	0
        6	2015-02-06 16:06:43	1	4	1	0
        8	2015-02-06 19:10:51	1	1	1	0
        5	2015-02-06 19:11:08	1	0	1	0
        2	2015-02-06 19:12:56	1	5	1	0
        9	2015-02-06 19:13:39	1	1	1	0
        7	2015-02-06 19:26:03	1	1	1	0
       11	2015-02-06 19:27:06	1	0	1	0
        3	2015-02-06 19:28:17	1	1	1	0
        5	2015-02-07 09:44:49	1	0	1	0
        9	2015-02-07 09:45:44	1	0	1	0
       10	2015-02-07 09:46:29	1	0	1	0
        6	2015-02-07 10:04:47	1	0	1	0
        6	2015-02-07 14:48:16	1	5	1	0
        6	2015-02-07 15:54:41	1	4	1	0
        9	2015-02-07 19:08:35	1	1	1	0
        6	2015-02-07 19:19:28	1	1	1	0
       10	2015-02-07 22:40:25	1	0	1	0
        6	2015-02-09 08:56:01	1	0	1	0
        2	2015-02-09 08:56:35	1	0	1	0
        8	2015-02-09 09:00:23	1	0	1	0
        7	2015-02-09 09:00:31	1	0	1	0
        5	2015-02-09 09:01:31	1	0	1	0
       11	2015-02-09 09:23:16	1	0	1	0
        3	2015-02-09 09:23:25	1	0	1	0
        9	2015-02-09 09:23:36	1	0	1	0
       10	2015-02-09 09:49:18	1	0	1	0
       11	2015-02-09 11:02:32	1	0	1	0
        2	2015-02-09 12:29:12	1	0	1	0
       11	2015-02-09 13:02:01	1	0	1	0
        3	2015-02-09 13:08:19	1	5	1	0
       10	2015-02-09 13:50:46	1	0	1	0
        7	2015-02-09 14:27:32	1	5	1	0
        2	2015-02-09 14:29:17	1	4	1	0
        6	2015-02-09 14:39:46	1	5	1	0
        9	2015-02-09 14:41:29	1	5	1	0
        3	2015-02-09 14:59:10	1	4	1	0
        7	2015-02-09 16:19:15	1	4	1	0
        7	2015-02-09 16:19:29	1	4	1	0
        9	2015-02-09 16:31:33	1	0	1	0
        6	2015-02-09 16:52:36	1	4	1	0
        3	2015-02-09 19:03:25	1	1	1	0
        5	2015-02-09 19:09:42	1	0	1	0
        2	2015-02-09 19:10:26	1	1	1	0
        7	2015-02-09 19:19:45	1	1	1	0
       11	2015-02-09 19:25:58	1	0	1	0
        9	2015-02-09 19:41:56	1	1	1	0
        7	2015-02-10 08:59:14	1	0	1	0
        3	2015-02-10 08:59:22	1	0	1	0
       11	2015-02-10 08:59:33	1	0	1	0
        6	2015-02-10 09:00:05	1	0	1	0
        8	2015-02-10 09:05:41	1	0	1	0
        5	2015-02-10 09:07:15	1	0	1	0
        2	2015-02-10 10:08:24	1	0	1	0
       10	2015-02-10 10:08:32	1	0	1	0
       11	2015-02-10 11:13:28	1	1	1	0
        2	2015-02-10 12:53:22	1	5	1	0
       10	2015-02-10 13:02:47	1	0	1	0
       11	2015-02-10 13:15:48	1	0	1	0
        3	2015-02-10 13:16:51	1	5	1	0
       10	2015-02-10 13:50:23	1	0	1	0
        7	2015-02-10 14:00:04	1	5	1	0
        7	2015-02-10 14:00:05	1	5	1	0
        7	2015-02-10 14:00:21	1	5	1	0
        6	2015-02-10 14:09:43	1	5	1	0
        3	2015-02-10 14:59:16	1	4	1	0
        2	2015-02-10 15:00:00	1	4	1	0
        7	2015-02-10 15:55:06	1	4	1	0
        6	2015-02-10 16:23:10	1	4	1	0
        3	2015-02-10 19:00:08	1	1	1	0
       11	2015-02-10 19:00:19	1	1	1	0
        7	2015-02-10 19:00:56	1	1	1	0
        2	2015-02-10 19:02:33	1	1	1	0
       10	2015-02-10 19:20:23	1	0	1	0
        3	2015-02-11 09:01:11	1	0	1	0
        7	2015-02-11 09:01:18	1	0	1	0
       10	2015-02-11 09:01:47	1	0	1	0
        8	2015-02-11 09:04:11	1	0	1	0
        6	2015-02-11 09:04:26	1	0	1	0
        2	2015-02-11 09:07:15	1	0	1	0
       11	2015-02-11 09:07:30	1	0	1	0
        5	2015-02-11 09:09:52	1	0	1	0
       11	2015-02-11 11:01:50	1	1	1	0
        2	2015-02-11 12:31:24	1	5	1	0
       11	2015-02-11 13:09:45	1	0	1	0
        3	2015-02-11 13:15:03	1	5	1	0
        7	2015-02-11 14:00:41	1	5	1	0
        2	2015-02-11 14:23:23	1	4	1	0
        3	2015-02-11 15:00:34	1	4	1	0
        7	2015-02-11 15:48:10	1	4	1	0
        2	2015-02-11 18:59:47	1	1	1	0
        3	2015-02-11 19:00:10	1	1	1	0
        7	2015-02-11 19:02:11	1	1	1	0
       10	2015-02-11 19:05:22	1	0	1	0
       11	2015-02-11 19:05:37	1	1	1	0
        5	2015-02-11 19:06:41	1	0	1	0
       11	2015-02-12 09:06:39	1	0	1	0
        7	2015-02-12 09:07:25	1	0	1	0
        3	2015-02-12 09:07:32	1	0	1	0
        2	2015-02-12 09:07:53	1	0	1	0
        6	2015-02-12 09:08:39	1	0	1	0
        8	2015-02-12 09:09:58	1	0	1	0
        5	2015-02-12 09:10:30	1	0	1	0
       10	2015-02-12 09:13:49	1	0	1	0
       11	2015-02-12 11:02:04	1	1	1	0
       11	2015-02-12 13:09:56	1	0	1	0
        3	2015-02-12 13:16:02	1	5	1	0
        7	2015-02-12 14:05:13	1	5	1	0
        2	2015-02-12 15:08:20	1	0	1	0
        3	2015-02-12 15:09:32	1	4	1	0
        7	2015-02-12 15:55:29	1	0	1	0
        2	2015-02-12 16:32:21	1	4	1	0
        2	2015-02-12 18:28:51	1	1	1	0
        7	2015-02-12 19:01:27	1	1	1	0
        5	2015-02-12 19:01:43	1	0	1	0
        3	2015-02-12 19:19:06	1	1	1	0
        8	2015-02-12 19:19:31	1	1	1	0
       11	2015-02-12 19:20:08	1	1	1	0
        2	2015-02-13 08:48:39	1	0	1	0
        3	2015-02-13 08:58:50	1	0	1	0
       11	2015-02-13 08:58:59	1	0	1	0
        6	2015-02-13 08:59:24	1	0	1	0
        7	2015-02-13 09:03:39	1	0	1	0
        8	2015-02-13 09:08:36	1	0	1	0
        5	2015-02-13 09:09:46	1	0	1	0
       10	2015-02-13 10:00:17	1	0	1	0
       11	2015-02-13 11:05:58	1	1	1	0
        2	2015-02-13 12:38:33	1	5	1	0
       11	2015-02-13 13:10:59	1	0	1	0
        3	2015-02-13 13:12:44	1	5	1	0
        7	2015-02-13 14:11:35	1	5	1	0
        6	2015-02-13 14:11:44	1	5	1	0
        2	2015-02-13 14:49:44	1	0	1	0
        3	2015-02-13 15:05:16	1	4	1	0
        7	2015-02-13 15:58:20	1	4	1	0
        6	2015-02-13 16:11:10	1	4	1	0
        2	2015-02-13 19:05:03	1	1	1	0
        3	2015-02-13 19:11:13	1	1	1	0
       11	2015-02-13 19:11:21	1	1	1	0
        6	2015-02-14 10:16:14	1	0	1	0
        6	2015-02-14 14:07:33	1	5	1	0
        6	2015-02-14 15:11:25	1	4	1	0
        6	2015-02-14 15:11:26	1	4	1	0
       10	2015-02-14 15:15:29	1	0	1	0
       10	2015-02-14 17:08:07	1	0	1	0
        6	2015-02-18 08:56:33	1	0	1	0
        8	2015-02-18 08:58:22	1	0	1	0
       11	2015-02-18 08:58:35	1	0	1	0
        7	2015-02-18 09:00:16	1	0	1	0
        7	2015-02-18 09:01:04	1	0	1	0
        5	2015-02-18 09:02:14	1	0	1	0
        3	2015-02-18 09:03:10	1	0	1	0
        2	2015-02-18 09:09:53	1	0	1	0
       11	2015-02-18 11:02:07	1	1	1	0
        2	2015-02-18 12:23:28	1	0	1	0
       11	2015-02-18 13:03:35	1	0	1	0
        3	2015-02-18 13:17:47	1	5	1	0
        7	2015-02-18 14:03:59	1	5	1	0
        2	2015-02-18 14:30:34	1	4	1	0
        3	2015-02-18 15:07:42	1	4	1	0
        7	2015-02-18 15:56:01	1	0	1	0
        2	2015-02-18 18:58:36	1	1	1	0
        7	2015-02-18 19:00:22	1	1	1	0
       10	2015-02-18 19:00:28	1	1	1	0
        3	2015-02-18 19:02:36	1	1	1	0
        5	2015-02-18 19:09:15	1	0	1	0
        6	2015-02-18 19:09:37	1	1	1	0
       11	2015-02-18 19:10:47	1	1	1	0
        7	2015-02-19 09:03:52	1	0	1	0
        3	2015-02-19 09:03:59	1	0	1	0
       11	2015-02-19 09:04:03	1	0	1	0
        8	2015-02-19 09:04:09	1	0	1	0
        2	2015-02-19 09:04:15	1	0	1	0
        6	2015-02-19 09:04:21	1	0	1	0
        5	2015-02-19 09:19:52	1	0	1	0
       11	2015-02-19 11:00:11	1	1	1	0
        2	2015-02-19 12:28:58	1	5	1	0
       11	2015-02-19 13:11:26	1	0	1	0
        3	2015-02-19 13:12:49	1	5	1	0
        7	2015-02-19 14:16:04	1	0	1	0
        7	2015-02-19 14:16:05	1	0	1	0
        2	2015-02-19 14:44:37	1	4	1	0
        3	2015-02-19 15:01:42	1	4	1	0
        7	2015-02-19 16:07:09	1	0	1	0
        2	2015-02-19 18:56:20	1	1	1	0
        7	2015-02-19 19:01:16	1	1	1	0
        3	2015-02-19 19:04:03	1	1	1	0
        3	2015-02-20 08:27:55	1	0	1	0
        2	2015-02-20 09:01:56	1	0	1	0
       11	2015-02-20 09:02:20	1	0	1	0
        7	2015-02-20 09:03:43	1	0	1	0
        8	2015-02-20 09:05:04	1	0	1	0
        5	2015-02-20 09:06:52	1	0	1	0
       10	2015-02-20 09:27:13	1	0	1	0
       11	2015-02-20 11:05:39	1	1	1	0
        2	2015-02-20 12:16:35	1	5	1	0
       11	2015-02-20 13:08:22	1	1	1	0
        3	2015-02-20 13:14:47	1	5	1	0
        7	2015-02-20 14:04:46	1	5	1	0
        2	2015-02-20 14:21:12	1	4	1	0
        3	2015-02-20 15:06:40	1	4	1	0
        7	2015-02-20 16:08:08	1	4	1	0
        3	2015-02-20 18:59:00	1	0	1	0
        2	2015-02-20 18:59:09	1	1	1	0
        1	2015-02-20 18:59:29	1	1	0	0
        1	2015-02-20 18:59:45	1	1	0	0
        7	2015-02-20 19:04:00	1	1	1	0
        7	2015-02-20 19:04:02	1	1	1	0
       11	2015-02-20 19:07:35	1	1	1	0
        6	2015-02-20 19:24:54	1	1	1	0
       11	2015-02-21 09:32:59	1	0	1	0
        6	2015-02-21 09:33:05	1	0	1	0
        7	2015-02-21 09:35:11	1	0	1	0
        5	2015-02-21 09:38:03	1	0	1	0
        7	2015-02-21 14:29:24	1	5	1	0
        7	2015-02-21 14:29:26	1	5	1	0
        7	2015-02-21 15:50:58	1	0	1	0
       11	2015-02-21 17:42:19	1	1	1	0
        7	2015-02-21 19:02:54	1	1	1	0
       10	2015-02-21 19:16:28	1	0	1	0
        6	2015-02-21 19:20:05	1	1	1	0
        2	2015-02-23 09:02:21	1	0	1	0
       11	2015-02-23 09:02:32	1	0	1	0
        8	2015-02-23 09:02:51	1	0	1	0
        7	2015-02-23 09:02:58	1	0	1	0
       12	2015-02-23 09:03:05	1	0	1	0
        6	2015-02-23 09:03:11	1	0	1	0
        5	2015-02-23 09:03:39	1	0	1	0
        3	2015-02-23 09:04:46	1	0	1	0
       11	2015-02-23 11:05:46	1	1	1	0
        2	2015-02-23 12:17:29	1	5	1	0
       12	2015-02-23 12:42:30	1	0	1	0
       11	2015-02-23 13:05:46	1	0	1	0
        3	2015-02-23 13:11:37	1	5	1	0
        7	2015-02-23 14:22:36	1	5	1	0
        2	2015-02-23 14:30:51	1	4	1	0
       12	2015-02-23 14:39:36	1	0	1	0
        3	2015-02-23 15:03:11	1	4	1	0
        7	2015-02-23 16:17:09	1	0	1	0
        2	2015-02-23 18:59:18	1	1	1	0
        7	2015-02-23 19:20:09	1	1	1	0
        3	2015-02-23 19:22:18	1	1	1	0
       11	2015-02-23 19:25:08	1	1	1	0
        6	2015-02-23 19:35:22	1	1	1	0
        7	2015-02-24 09:07:03	1	0	1	0
        3	2015-02-24 09:07:21	1	0	1	0
        8	2015-02-24 09:07:30	1	0	1	0
       11	2015-02-24 09:07:39	1	0	1	0
        5	2015-02-24 09:07:48	1	0	1	0
        6	2015-02-24 09:08:10	1	0	1	0
       12	2015-02-24 09:10:20	1	0	1	0
        2	2015-02-24 09:23:13	1	0	1	0
       11	2015-02-24 11:09:38	1	1	1	0
       12	2015-02-24 12:00:35	1	0	1	0
        2	2015-02-24 12:21:11	1	5	1	0
       12	2015-02-24 13:06:53	1	0	1	0
       11	2015-02-24 13:11:39	1	1	1	0
        3	2015-02-24 13:17:02	1	5	1	0
        2	2015-02-24 14:24:31	1	4	1	0
        7	2015-02-24 14:31:44	1	5	1	0
        8	2015-02-24 14:32:45	1	5	1	0
        8	2015-02-24 14:58:53	1	0	1	0
        3	2015-02-24 15:01:53	1	4	1	0
       12	2015-02-24 15:33:50	1	0	1	0
       12	2015-02-24 15:52:13	1	0	1	0
       12	2015-02-24 16:03:23	1	0	1	0
        7	2015-02-24 16:06:03	1	4	1	0
       12	2015-02-24 17:03:14	1	0	1	0
        2	2015-02-24 19:00:13	1	1	1	0
        3	2015-02-24 19:01:19	1	1	1	0
        7	2015-02-24 19:01:49	1	1	1	0
       11	2015-02-24 19:08:42	1	1	1	0
        6	2015-02-24 19:11:01	1	1	1	0
        5	2015-02-24 19:15:45	1	5	1	0
        8	2015-02-24 19:16:07	1	5	1	0
        7	2015-02-25 09:04:33	1	0	1	0
       11	2015-02-25 09:05:54	1	0	1	0
        8	2015-02-25 09:06:01	1	0	1	0
        5	2015-02-25 09:06:53	1	0	1	0
       12	2015-02-25 09:08:33	1	0	1	0
        3	2015-02-25 09:11:10	1	0	1	0
        2	2015-02-25 09:12:51	1	0	1	0
       11	2015-02-25 11:05:29	1	5	1	0
        2	2015-02-25 12:30:48	1	5	1	0
       11	2015-02-25 13:10:43	1	0	1	0
        3	2015-02-25 13:13:04	1	5	1	0
        7	2015-02-25 14:17:20	1	5	1	0
        2	2015-02-25 14:35:06	1	4	1	0
        3	2015-02-25 14:59:21	1	4	1	0
        2	2015-02-25 19:00:16	1	5	1	0
        3	2015-02-25 19:00:40	1	1	1	0
       11	2015-02-25 19:12:03	1	1	1	0
        8	2015-02-25 19:24:55	1	5	1	0
        5	2015-02-25 19:26:55	1	0	1	0
       13	2015-02-25 19:27:26	1	0	1	0
        3	2015-02-26 09:03:12	1	0	1	0
        2	2015-02-26 09:03:19	1	0	1	0
       11	2015-02-26 09:03:25	1	0	1	0
        5	2015-02-26 09:03:30	1	0	1	0
       13	2015-02-26 09:03:39	1	0	1	0
        6	2015-02-26 09:04:10	1	0	1	0
        6	2015-02-26 09:04:13	1	0	1	0
        7	2015-02-26 09:11:25	1	0	1	0
        8	2015-02-26 09:12:37	1	0	1	0
       13	2015-02-26 10:46:06	1	0	1	0
       11	2015-02-26 11:08:28	1	0	1	0
       13	2015-02-26 11:25:48	1	0	1	0
        2	2015-02-26 12:22:42	1	5	1	0
        6	2015-02-26 13:00:02	1	4	1	0
       13	2015-02-26 13:01:19	1	0	1	0
       11	2015-02-26 13:13:20	1	0	1	0
        3	2015-02-26 13:16:04	1	5	1	0
        6	2015-02-26 13:19:22	1	4	1	0
        7	2015-02-26 14:18:12	1	5	1	0
        2	2015-02-26 14:38:22	1	4	1	0
       13	2015-02-26 14:48:38	1	0	1	0
        3	2015-02-26 14:54:01	1	4	1	0
        7	2015-02-26 15:58:33	1	0	1	0
        2	2015-02-26 18:59:02	1	1	1	0
        3	2015-02-26 19:00:18	1	1	1	0
       11	2015-02-26 19:04:17	1	1	1	0
        7	2015-02-27 09:01:38	1	0	1	0
        3	2015-02-27 09:01:45	1	0	1	0
        8	2015-02-27 09:02:05	1	0	1	0
        6	2015-02-27 09:02:14	1	0	1	0
       13	2015-02-27 09:02:19	1	0	1	0
        5	2015-02-27 09:03:55	1	0	1	0
        2	2015-02-27 09:04:57	1	0	1	0
       11	2015-02-27 09:06:05	1	0	1	0
       11	2015-02-27 11:11:00	1	1	1	0
       11	2015-02-27 13:20:37	1	1	1	0
        3	2015-02-27 13:23:20	1	5	1	0
        7	2015-02-27 14:06:00	1	5	1	0
       13	2015-02-27 14:06:20	1	0	1	0
        3	2015-02-27 15:07:05	1	4	1	0
        2	2015-02-27 15:15:13	1	4	1	0
        7	2015-02-27 15:48:46	1	0	1	0
       13	2015-02-27 16:04:49	1	0	1	0
       13	2015-02-27 16:39:28	1	0	1	0
        7	2015-02-27 19:02:01	1	0	1	0
        2	2015-02-27 19:02:11	1	1	1	0
        5	2015-02-27 19:02:33	1	0	1	0
        3	2015-02-27 19:09:11	1	1	1	0
        6	2015-02-27 19:17:58	1	1	1	0
       11	2015-02-27 19:20:18	1	1	1	0
        8	2015-02-27 19:33:07	1	5	1	0
       13	2015-02-27 19:42:21	1	0	1	0
        7	2015-02-28 09:35:52	1	0	1	0
       13	2015-02-28 09:35:59	1	0	1	0
        6	2015-02-28 09:36:10	1	0	1	0
       11	2015-02-28 09:39:08	1	0	1	0
        2	2015-02-28 09:46:23	1	0	1	0
        5	2015-02-28 09:51:29	1	0	1	0
        8	2015-02-28 10:39:39	1	0	1	0
       13	2015-02-28 11:10:40	1	0	1	0
       13	2015-02-28 12:29:55	1	0	1	0
       13	2015-02-28 12:59:30	1	0	1	0
        2	2015-02-28 13:22:16	1	1	1	0
       13	2015-02-28 14:30:20	1	0	1	0
       13	2015-02-28 15:20:26	1	0	1	0
       11	2015-02-28 17:52:36	1	1	1	0
       13	2015-02-28 18:31:55	1	0	1	0
        7	2015-02-28 19:10:41	1	1	1	0
       13	2015-02-28 19:13:57	1	0	1	0
        8	2015-02-28 19:14:05	1	0	1	0
        5	2015-02-28 19:14:07	1	0	1	0
       11	2015-03-02 09:07:31	1	0	1	0
        3	2015-03-02 09:07:42	1	0	1	0
        4	2015-03-02 09:07:48	1	0	1	0
        2	2015-03-02 09:07:56	1	0	1	0
        8	2015-03-02 09:08:03	1	0	1	0
        5	2015-03-02 09:08:08	1	0	1	0
       13	2015-03-02 09:08:15	1	0	1	0
        6	2015-03-02 09:20:51	1	0	1	0
       13	2015-03-02 09:28:01	1	0	1	0
       13	2015-03-02 10:05:58	1	0	1	0
       13	2015-03-02 10:17:09	1	0	1	0
       11	2015-03-02 11:05:34	1	1	1	0
       13	2015-03-02 11:25:02	1	0	1	0
       13	2015-03-02 11:27:32	1	0	1	0
       13	2015-03-02 12:01:56	1	0	1	0
        4	2015-03-02 12:06:24	1	1	1	0
       13	2015-03-02 12:18:19	1	0	1	0
       11	2015-03-02 12:53:39	1	0	1	0
       13	2015-03-02 12:56:14	1	0	1	0
        3	2015-03-02 13:07:56	1	5	1	0
        2	2015-03-02 13:22:35	1	5	1	0
        4	2015-03-02 14:06:57	1	0	1	0
       13	2015-03-02 14:17:46	1	0	1	0
        6	2015-03-02 14:53:40	1	5	1	0
        3	2015-03-02 14:59:49	1	4	1	0
       13	2015-03-02 15:00:14	1	0	1	0
       13	2015-03-02 15:08:53	1	0	1	0
        6	2015-03-02 15:13:21	1	4	1	0
        2	2015-03-02 15:50:56	1	4	1	0
       13	2015-03-02 16:02:07	1	0	1	0
       13	2015-03-02 16:03:00	1	0	1	0
        4	2015-03-02 17:04:00	1	0	1	0
       13	2015-03-02 17:37:29	1	0	1	0
       13	2015-03-02 17:47:46	1	0	1	0
       13	2015-03-02 18:18:45	1	0	1	0
       13	2015-03-02 18:50:32	1	0	1	0
        2	2015-03-02 18:59:45	1	1	1	0
        3	2015-03-02 19:07:14	1	1	1	0
       13	2015-03-02 19:42:51	1	0	1	0
        6	2015-03-02 19:43:22	1	1	1	0
        7	2015-03-03 08:57:52	1	0	1	0
        4	2015-03-03 08:58:04	1	0	1	0
       13	2015-03-03 08:58:09	1	0	1	0
        6	2015-03-03 08:58:42	1	0	1	0
       11	2015-03-03 09:02:35	1	0	1	0
        3	2015-03-03 09:02:58	1	0	1	0
        2	2015-03-03 09:04:08	1	0	1	0
        8	2015-03-03 09:10:05	1	0	1	0
       11	2015-03-03 11:11:44	1	1	1	0
        4	2015-03-03 12:03:17	1	0	1	0
       13	2015-03-03 12:23:45	1	0	1	0
        2	2015-03-03 12:25:24	1	5	1	0
       11	2015-03-03 13:14:14	1	0	1	0
        3	2015-03-03 13:14:59	1	5	1	0
        2	2015-03-03 14:18:26	1	4	1	0
        7	2015-03-03 14:26:00	1	5	1	0
       13	2015-03-03 14:45:53	1	0	1	0
       13	2015-03-03 14:52:39	1	0	1	0
        3	2015-03-03 15:00:39	1	1	1	0
        3	2015-03-03 15:01:08	1	4	1	0
        7	2015-03-03 15:52:16	1	0	1	0
       13	2015-03-03 16:49:16	1	0	1	0
       13	2015-03-03 17:23:09	1	0	1	0
       13	2015-03-03 18:15:01	1	0	1	0
       13	2015-03-03 19:00:18	1	0	1	0
        2	2015-03-03 19:00:36	1	1	1	0
       11	2015-03-03 19:11:47	1	1	1	0
        8	2015-03-03 19:16:43	1	5	1	0
        3	2015-03-03 19:25:37	1	1	1	0
        4	2015-03-04 09:03:08	1	0	1	0
        8	2015-03-04 09:03:14	1	0	1	0
       11	2015-03-04 09:03:21	1	0	1	0
        3	2015-03-04 09:03:39	1	0	1	0
        7	2015-03-04 09:03:47	1	0	1	0
       13	2015-03-04 09:03:57	1	0	1	0
        6	2015-03-04 09:04:02	1	0	1	0
        5	2015-03-04 09:12:54	1	0	1	0
        2	2015-03-04 10:20:55	1	0	1	0
       11	2015-03-04 11:02:54	1	1	1	0
        8	2015-03-04 11:12:24	1	1	1	0
       13	2015-03-04 11:54:09	1	0	1	0
        4	2015-03-04 12:08:27	1	1	1	0
       13	2015-03-04 12:22:43	1	0	1	0
       11	2015-03-04 12:55:36	1	0	1	0
        2	2015-03-04 12:58:43	1	5	1	0
        3	2015-03-04 13:06:49	1	5	1	0
       13	2015-03-04 13:21:41	1	0	1	0
        7	2015-03-04 14:13:04	1	0	1	0
        4	2015-03-04 14:18:03	1	3	1	0
        3	2015-03-04 14:57:38	1	4	1	0
        2	2015-03-04 15:08:57	1	4	1	0
       13	2015-03-04 15:16:04	1	0	1	0
       13	2015-03-04 15:55:16	1	0	1	0
        7	2015-03-04 16:09:21	1	4	1	0
       13	2015-03-04 16:49:55	1	0	1	0
       13	2015-03-04 16:50:02	1	0	1	0
       13	2015-03-04 17:02:56	1	0	1	0
        4	2015-03-04 17:12:58	1	5	1	0
       13	2015-03-04 17:56:21	1	0	1	0
       13	2015-03-04 18:36:54	1	0	1	0
       13	2015-03-04 18:51:45	1	0	1	0
        8	2015-03-04 19:01:33	1	0	1	0
        2	2015-03-04 19:01:41	1	1	1	0
        8	2015-03-04 19:06:15	1	1	1	0
        3	2015-03-04 19:10:25	1	1	1	0
        7	2015-03-04 19:20:51	1	1	1	0
       13	2015-03-04 19:21:04	1	1	1	0
       13	2015-03-04 19:23:17	1	0	1	0
       11	2015-03-04 19:37:31	1	1	1	0
        7	2015-03-05 08:58:38	1	0	1	0
        4	2015-03-05 08:58:45	1	0	1	0
        3	2015-03-05 08:58:52	1	0	1	0
        6	2015-03-05 08:59:03	1	0	1	0
        5	2015-03-05 08:59:13	1	0	1	0
       13	2015-03-05 09:01:13	1	0	1	0
        2	2015-03-05 09:03:58	1	0	1	0
       11	2015-03-05 09:08:17	1	0	1	0
        8	2015-03-05 09:15:03	1	0	1	0
       13	2015-03-05 10:24:50	1	0	1	0
        8	2015-03-05 10:50:00	1	1	1	0
       11	2015-03-05 11:10:06	1	1	1	0
       13	2015-03-05 11:10:54	1	0	1	0
       13	2015-03-05 11:20:22	1	0	1	0
       13	2015-03-05 11:46:21	1	0	1	0
        2	2015-03-05 12:09:35	1	5	1	0
        4	2015-03-05 12:13:24	1	1	1	0
       13	2015-03-05 12:49:35	1	0	1	0
       11	2015-03-05 13:18:00	1	0	1	0
        3	2015-03-05 13:21:09	1	5	1	0
       13	2015-03-05 13:25:47	1	0	1	0
       13	2015-03-05 13:27:36	1	0	1	0
        4	2015-03-05 14:13:18	1	0	1	0
        7	2015-03-05 14:14:00	1	5	1	0
        2	2015-03-05 14:17:20	1	4	1	0
        3	2015-03-05 14:54:52	1	4	1	0
       13	2015-03-05 15:21:21	1	0	1	0
       13	2015-03-05 15:34:13	1	0	1	0
        7	2015-03-05 15:41:41	1	4	1	0
       13	2015-03-05 16:19:35	1	0	1	0
        4	2015-03-05 17:04:18	1	0	1	0
        2	2015-03-05 19:02:50	1	1	1	0
        3	2015-03-05 19:03:31	1	1	1	0
        7	2015-03-05 19:10:43	1	1	1	0
       11	2015-03-05 19:16:37	1	1	1	0
       13	2015-03-05 19:25:58	1	0	1	0
        6	2015-03-06 09:07:36	1	0	1	0
        4	2015-03-06 09:08:05	1	0	1	0
        8	2015-03-06 09:08:36	1	0	1	0
       13	2015-03-06 09:08:48	1	0	1	0
        3	2015-03-06 09:08:55	1	0	1	0
        2	2015-03-06 09:09:06	1	0	1	0
        7	2015-03-06 09:09:20	1	0	1	0
       11	2015-03-06 09:09:33	1	0	1	0
        5	2015-03-06 09:10:39	1	0	1	0
       11	2015-03-06 11:05:16	1	1	1	0
        4	2015-03-06 12:00:04	1	0	1	0
       13	2015-03-06 12:31:30	1	0	1	0
        2	2015-03-06 13:03:51	1	5	1	0
       13	2015-03-06 13:11:09	1	0	1	0
       13	2015-03-06 13:12:22	1	0	1	0
       11	2015-03-06 13:12:48	1	0	1	0
        3	2015-03-06 13:15:09	1	5	1	0
        4	2015-03-06 14:12:13	1	0	1	0
        7	2015-03-06 14:14:35	1	5	1	0
        3	2015-03-06 14:57:24	1	4	1	0
       13	2015-03-06 15:05:21	1	0	1	0
        8	2015-03-06 15:05:32	1	0	1	0
        2	2015-03-06 15:12:42	1	4	1	0
       13	2015-03-06 15:39:06	1	0	1	0
        7	2015-03-06 15:45:42	1	4	1	0
       13	2015-03-06 15:49:20	1	0	1	0
       13	2015-03-06 16:40:56	1	0	1	0
        4	2015-03-06 17:00:07	1	5	1	0
       13	2015-03-06 17:18:26	1	0	1	0
        8	2015-03-06 17:18:35	1	0	1	0
       13	2015-03-06 17:50:52	1	0	1	0
       13	2015-03-06 18:24:50	1	0	1	0
       13	2015-03-06 18:40:42	1	0	1	0
        2	2015-03-06 18:58:47	1	1	1	0
        7	2015-03-06 19:00:22	1	1	1	0
        8	2015-03-06 19:00:33	1	1	1	0
       11	2015-03-06 19:00:42	1	1	1	0
        3	2015-03-06 19:00:53	1	1	1	0
       13	2015-03-06 19:17:02	1	0	1	0
        3	2015-03-07 09:54:31	1	0	1	0
       13	2015-03-07 09:54:37	1	0	1	0
        6	2015-03-07 09:55:01	1	0	1	0
       10	2015-03-07 09:55:14	1	0	1	0
       13	2015-03-07 11:07:48	1	0	1	0
        8	2015-03-07 11:08:28	1	0	1	0
       13	2015-03-07 11:24:25	1	0	1	0
        8	2015-03-07 11:31:24	1	1	1	0
       13	2015-03-07 12:04:32	1	0	1	0
       13	2015-03-07 12:30:11	1	0	1	0
       13	2015-03-07 13:00:03	1	0	1	0
       13	2015-03-07 14:25:37	1	0	1	0
       13	2015-03-07 16:25:11	1	0	1	0
       13	2015-03-07 16:49:48	1	0	1	0
       13	2015-03-07 18:12:53	1	0	1	0
       13	2015-03-07 18:28:39	1	0	1	0
        8	2015-03-07 18:51:13	1	1	1	0
       13	2015-03-07 19:03:08	1	0	1	0
        4	2015-03-09 09:00:47	1	0	1	0
       13	2015-03-09 09:00:55	1	0	1	0
        7	2015-03-09 09:01:15	1	0	1	0
        8	2015-03-09 09:01:24	1	0	1	0
        6	2015-03-09 09:01:45	1	0	1	0
        3	2015-03-09 09:02:43	1	0	1	0
        5	2015-03-09 09:02:47	1	0	1	0
        2	2015-03-09 09:09:19	1	0	1	0
       13	2015-03-09 10:22:03	1	0	1	0
       13	2015-03-09 10:36:43	1	0	1	0
       13	2015-03-09 11:13:55	1	0	1	0
        2	2015-03-09 11:21:37	1	5	1	0
        4	2015-03-09 12:01:56	1	0	1	0
       13	2015-03-09 12:12:54	1	0	1	0
       13	2015-03-09 12:24:05	1	0	1	0
        2	2015-03-09 13:02:58	1	4	1	0
        3	2015-03-09 13:04:23	1	1	1	0
       13	2015-03-09 13:25:21	1	0	1	0
       13	2015-03-09 13:25:56	1	0	1	0
       13	2015-03-09 13:35:33	1	0	1	0
       13	2015-03-09 13:43:42	1	0	1	0
        4	2015-03-09 13:57:05	1	0	1	0
        7	2015-03-09 14:02:32	1	5	1	0
        3	2015-03-09 15:03:03	1	4	1	0
       13	2015-03-09 15:26:09	1	0	1	0
       13	2015-03-09 15:27:04	1	0	1	0
       13	2015-03-09 15:52:02	1	0	1	0
        7	2015-03-09 15:55:18	1	4	1	0
       13	2015-03-09 16:40:06	1	0	1	0
        4	2015-03-09 17:00:20	1	5	1	0
       13	2015-03-09 17:33:47	1	0	1	0
       13	2015-03-09 18:29:52	1	0	1	0
       13	2015-03-09 18:37:25	1	0	1	0
        2	2015-03-09 18:57:17	1	1	1	0
        7	2015-03-09 19:03:40	1	1	1	0
       13	2015-03-09 19:10:28	1	0	1	0
        3	2015-03-09 19:15:42	1	1	1	0
        6	2015-03-10 08:53:05	1	0	1	0
        3	2015-03-10 08:53:19	1	0	1	0
        8	2015-03-10 08:54:31	1	0	1	0
       13	2015-03-10 08:54:57	1	0	1	0
        4	2015-03-10 08:57:36	1	0	1	0
       11	2015-03-10 09:04:40	1	0	1	0
        2	2015-03-10 09:07:58	1	0	1	0
        7	2015-03-10 09:08:42	1	0	1	0
       13	2015-03-10 09:42:45	1	0	1	0
       11	2015-03-10 11:03:45	1	1	1	0
        4	2015-03-10 12:19:10	1	0	1	0
        2	2015-03-10 12:22:37	1	5	1	0
       13	2015-03-10 13:00:04	1	0	1	0
       11	2015-03-10 13:11:28	1	0	1	0
        3	2015-03-10 13:13:17	1	5	1	0
        4	2015-03-10 14:02:26	1	0	1	0
        7	2015-03-10 14:10:37	1	5	1	0
        2	2015-03-10 14:26:20	1	4	1	0
       13	2015-03-10 14:52:57	1	0	1	0
        3	2015-03-10 14:58:28	1	4	1	0
       13	2015-03-10 15:31:40	1	0	1	0
        7	2015-03-10 15:50:13	1	4	1	0
       13	2015-03-10 15:52:23	1	0	1	0
       13	2015-03-10 17:12:33	1	0	1	0
        8	2015-03-10 17:20:20	1	1	1	0
       13	2015-03-10 18:38:29	1	0	1	0
       13	2015-03-10 18:54:52	1	0	1	0
        2	2015-03-10 18:59:54	1	5	1	0
        3	2015-03-10 19:03:14	1	1	1	0
        7	2015-03-10 19:18:04	1	1	1	0
       13	2015-03-10 19:19:24	1	0	1	0
        5	2015-03-10 19:19:44	1	0	1	0
       13	2015-03-10 19:24:55	1	0	1	0
       11	2015-03-10 19:26:27	1	1	1	0
        7	2015-03-11 09:05:21	1	0	1	0
        3	2015-03-11 09:05:28	1	0	1	0
       11	2015-03-11 09:05:35	1	0	1	0
        2	2015-03-11 09:05:49	1	0	1	0
        8	2015-03-11 09:05:55	1	0	1	0
       13	2015-03-11 09:05:59	1	0	1	0
        6	2015-03-11 09:06:07	1	0	1	0
        5	2015-03-11 09:10:03	1	0	1	0
       11	2015-03-11 11:08:21	1	1	1	0
       13	2015-03-11 11:10:12	1	0	1	0
       13	2015-03-11 11:54:55	1	0	1	0
        2	2015-03-11 12:25:00	1	1	1	0
       13	2015-03-11 12:47:35	1	0	1	0
        4	2015-03-11 12:52:27	1	0	1	0
       11	2015-03-11 13:06:27	1	0	1	0
        3	2015-03-11 13:10:34	1	5	1	0
       13	2015-03-11 13:20:37	1	0	1	0
       13	2015-03-11 13:20:52	1	0	1	0
        7	2015-03-11 13:37:03	1	1	1	0
        2	2015-03-11 14:25:50	1	4	1	0
        3	2015-03-11 14:57:16	1	4	1	0
       13	2015-03-11 15:22:45	1	0	1	0
        7	2015-03-11 15:24:51	1	4	1	0
       13	2015-03-11 16:16:37	1	0	1	0
       13	2015-03-11 17:31:19	1	0	1	0
        4	2015-03-11 18:56:53	1	0	1	0
        2	2015-03-11 18:59:54	1	5	1	0
        7	2015-03-11 19:01:48	1	1	1	0
       13	2015-03-11 19:02:32	1	0	1	0
       11	2015-03-11 19:10:39	1	1	1	0
        3	2015-03-11 19:12:09	1	1	1	0
        8	2015-03-11 19:30:05	1	0	1	0
       13	2015-03-12 08:59:01	1	0	1	0
        6	2015-03-12 08:59:30	1	0	1	0
        3	2015-03-12 09:00:05	1	0	1	0
        5	2015-03-12 09:00:52	1	0	1	0
        2	2015-03-12 09:01:18	1	0	1	0
        7	2015-03-12 09:03:00	1	0	1	0
       11	2015-03-12 09:06:17	1	0	1	0
        8	2015-03-12 09:15:28	1	0	1	0
       11	2015-03-12 11:01:00	1	1	1	0
       13	2015-03-12 11:16:05	1	0	1	0
       13	2015-03-12 12:32:57	1	0	1	0
        2	2015-03-12 12:43:24	1	5	1	0
       13	2015-03-12 12:50:58	1	0	1	0
       11	2015-03-12 13:09:00	1	0	1	0
        3	2015-03-12 13:12:30	1	5	1	0
        4	2015-03-12 13:21:07	1	0	1	0
       13	2015-03-12 13:29:12	1	0	1	0
       13	2015-03-12 13:31:13	1	0	1	0
        7	2015-03-12 14:06:11	1	5	1	0
        2	2015-03-12 14:53:59	1	4	1	0
        3	2015-03-12 15:00:54	1	4	1	0
       13	2015-03-12 15:25:20	1	0	1	0
       13	2015-03-12 15:44:36	1	0	1	0
        7	2015-03-12 15:59:50	1	4	1	0
       13	2015-03-12 16:18:33	1	0	1	0
       13	2015-03-12 16:31:17	1	0	1	0
       13	2015-03-12 17:03:06	1	0	1	0
       13	2015-03-12 17:52:12	1	0	1	0
       13	2015-03-12 18:13:59	1	0	1	0
        3	2015-03-12 19:02:21	1	5	1	0
        7	2015-03-12 19:03:09	1	1	1	0
        4	2015-03-12 19:03:57	1	5	1	0
        2	2015-03-12 19:10:40	1	1	1	0
       13	2015-03-12 19:16:17	1	0	1	0
       11	2015-03-12 19:19:00	1	1	1	0
       13	2015-03-13 09:02:36	1	0	1	0
        8	2015-03-13 09:02:48	1	0	1	0
        3	2015-03-13 09:04:51	1	0	1	0
       11	2015-03-13 09:06:05	1	0	1	0
        7	2015-03-13 09:26:34	1	0	1	0
        6	2015-03-13 09:31:12	1	0	1	0
        2	2015-03-13 09:38:30	1	0	1	0
       13	2015-03-13 10:26:39	1	0	1	0
       11	2015-03-13 11:02:21	1	1	1	0
       13	2015-03-13 11:02:27	1	1	1	0
       13	2015-03-13 11:21:13	1	0	1	0
       13	2015-03-13 12:36:14	1	0	1	0
       13	2015-03-13 12:39:10	1	0	1	0
        2	2015-03-13 12:40:20	1	5	1	0
       11	2015-03-13 12:47:37	1	0	1	0
       13	2015-03-13 12:57:30	1	0	1	0
       13	2015-03-13 13:09:14	1	0	1	0
        4	2015-03-13 13:09:21	1	0	1	0
        3	2015-03-13 13:15:12	1	5	1	0
       13	2015-03-13 13:40:01	1	0	1	0
       13	2015-03-13 13:40:06	1	0	1	0
        7	2015-03-13 13:53:20	1	5	1	0
       13	2015-03-13 14:47:37	1	0	1	0
       13	2015-03-13 14:47:43	1	0	1	0
        2	2015-03-13 14:49:17	1	4	1	0
        3	2015-03-13 14:54:50	1	4	1	0
        7	2015-03-13 15:25:13	1	0	1	0
       13	2015-03-13 16:33:12	1	0	1	0
       13	2015-03-13 17:11:59	1	0	1	0
       13	2015-03-13 18:35:30	1	0	1	0
       13	2015-03-13 18:42:13	1	0	1	0
        4	2015-03-13 18:56:42	1	5	1	0
        2	2015-03-13 19:02:47	1	1	1	0
        3	2015-03-13 19:04:29	1	1	1	0
       11	2015-03-13 19:19:56	1	1	1	0
        7	2015-03-13 19:20:22	1	1	1	0
       13	2015-03-13 19:25:38	1	0	1	0
       13	2015-03-13 19:25:47	1	0	1	0
        6	2015-03-13 19:43:26	1	0	1	0
        3	2015-03-14 09:32:49	1	0	1	0
       13	2015-03-14 09:32:55	1	0	1	0
        5	2015-03-14 09:38:41	1	0	1	0
        6	2015-03-14 10:01:05	1	0	1	0
       13	2015-03-14 10:09:06	1	0	1	0
       13	2015-03-14 11:07:50	1	0	1	0
       13	2015-03-14 11:14:27	1	0	1	0
       13	2015-03-14 11:48:55	1	0	1	0
       13	2015-03-14 11:56:37	1	0	1	0
       13	2015-03-14 12:18:19	1	0	1	0
       13	2015-03-14 12:59:53	1	0	1	0
        3	2015-03-14 13:50:55	1	5	1	0
       13	2015-03-14 14:21:47	1	0	1	0
       13	2015-03-14 14:30:22	1	0	1	0
       13	2015-03-14 14:52:06	1	0	1	0
       13	2015-03-14 14:59:43	1	0	1	0
        3	2015-03-14 15:12:19	1	4	1	0
       13	2015-03-14 15:17:43	1	0	1	0
       13	2015-03-14 15:54:04	1	0	1	0
       13	2015-03-14 16:10:44	1	0	1	0
       13	2015-03-14 16:34:45	1	0	1	0
       13	2015-03-14 17:36:41	1	0	1	0
       13	2015-03-14 18:07:55	1	0	1	0
       13	2015-03-14 18:38:25	1	0	1	0
       13	2015-03-14 19:01:11	1	0	1	0
       13	2015-03-14 19:22:49	1	0	1	0
       13	2015-03-14 19:23:46	1	0	1	0
        5	2015-03-14 20:09:12	1	0	1	0
        6	2015-03-14 20:09:19	1	0	1	0
        7	2015-03-16 08:58:25	1	0	1	0
       13	2015-03-16 08:58:29	1	0	1	0
        4	2015-03-16 08:58:34	1	0	1	0
        5	2015-03-16 08:58:40	1	0	1	0
        8	2015-03-16 08:58:46	1	0	1	0
        3	2015-03-16 08:58:59	1	0	1	0
       11	2015-03-16 09:01:02	1	1	1	0
        2	2015-03-16 09:09:37	1	0	1	0
        6	2015-03-16 09:09:48	1	0	1	0
       13	2015-03-16 09:56:52	1	0	1	0
       13	2015-03-16 10:22:23	1	0	1	0
       13	2015-03-16 10:39:44	1	0	1	0
       13	2015-03-16 11:54:25	1	0	1	0
        4	2015-03-16 11:59:06	1	1	1	0
        6	2015-03-16 12:23:00	1	0	1	0
       11	2015-03-16 12:25:12	1	1	1	0
        6	2015-03-16 12:42:05	1	0	1	0
        2	2015-03-16 12:43:42	1	5	1	0
       11	2015-03-16 12:57:54	1	0	1	0
        3	2015-03-16 13:13:19	1	5	1	0
        5	2015-03-16 13:28:53	1	0	1	0
       13	2015-03-16 13:55:47	1	0	1	0
        7	2015-03-16 14:24:50	1	5	1	0
        2	2015-03-16 14:29:14	1	0	1	0
       13	2015-03-16 14:40:00	1	0	1	0
       13	2015-03-16 14:55:34	1	0	1	0
        3	2015-03-16 15:01:40	1	4	1	0
       13	2015-03-16 15:02:57	1	0	1	0
       13	2015-03-16 15:36:32	1	0	1	0
        8	2015-03-16 15:48:00	1	0	1	0
       13	2015-03-16 16:03:24	1	0	1	0
        7	2015-03-16 16:10:29	1	4	1	0
       13	2015-03-16 18:15:57	1	0	1	0
        2	2015-03-16 18:54:50	1	1	1	0
        3	2015-03-16 19:01:37	1	1	1	0
       11	2015-03-16 19:13:08	1	1	1	0
        7	2015-03-16 19:13:29	1	1	1	0
        2	2015-03-17 08:49:17	1	0	1	0
       13	2015-03-17 09:02:26	1	0	1	0
        6	2015-03-17 09:03:07	1	0	1	0
        4	2015-03-17 09:05:21	1	0	1	0
        5	2015-03-17 09:06:43	1	0	1	0
       11	2015-03-17 09:07:22	1	0	1	0
        3	2015-03-17 09:08:01	1	0	1	0
        7	2015-03-17 09:11:32	1	0	1	0
        8	2015-03-17 09:13:52	1	0	1	0
        4	2015-03-17 17:17:59	1	0	1	0
        2	2015-03-17 18:46:02	1	5	1	0
        3	2015-03-17 19:00:35	1	1	1	0
        7	2015-03-17 19:03:15	1	1	1	0
       11	2015-03-17 19:39:11	1	1	1	0
        2	2015-03-18 08:41:08	1	0	1	0
        8	2015-03-18 08:59:39	1	0	1	0
       11	2015-03-18 08:59:49	1	0	1	0
        3	2015-03-18 08:59:57	1	0	1	0
        8	2015-03-18 09:00:03	1	0	1	0
       13	2015-03-18 09:00:08	1	0	1	0
        5	2015-03-18 09:00:22	1	0	1	0
        6	2015-03-18 09:00:51	1	0	1	0
        7	2015-03-18 09:02:59	1	0	1	0
        4	2015-03-18 09:05:36	1	0	1	0
       13	2015-03-18 10:23:16	1	0	1	0
       13	2015-03-18 10:47:06	1	0	1	0
       13	2015-03-18 10:53:15	1	0	1	0
       11	2015-03-18 11:04:44	1	1	1	0
       13	2015-03-18 11:47:03	1	0	1	0
        4	2015-03-18 11:58:55	1	1	1	0
       13	2015-03-18 12:14:06	1	0	1	0
        2	2015-03-18 12:33:05	1	5	1	0
       13	2015-03-18 12:51:35	1	0	1	0
        6	2015-03-18 12:59:12	1	0	1	0
       13	2015-03-18 13:00:02	1	0	1	0
       11	2015-03-18 13:13:43	1	0	1	0
        3	2015-03-18 13:16:49	1	5	1	0
        4	2015-03-18 14:17:25	1	0	1	0
        7	2015-03-18 14:25:32	1	5	1	0
        2	2015-03-18 14:33:14	1	0	1	0
       13	2015-03-18 14:54:04	1	0	1	0
        3	2015-03-18 14:59:46	1	4	1	0
       13	2015-03-18 15:22:43	1	0	1	0
       13	2015-03-18 15:58:39	1	0	1	0
        7	2015-03-18 15:59:33	1	4	1	0
       13	2015-03-18 16:04:03	1	0	1	0
       13	2015-03-18 16:50:03	1	0	1	0
       13	2015-03-18 16:56:07	1	0	1	0
        4	2015-03-18 17:00:16	1	5	1	0
       13	2015-03-18 17:29:24	1	0	1	0
       13	2015-03-18 17:51:50	1	0	1	0
        2	2015-03-18 18:28:57	1	1	1	0
       13	2015-03-18 18:30:03	1	0	1	0
        7	2015-03-18 19:00:20	1	1	1	0
        8	2015-03-18 19:00:52	1	5	1	0
       13	2015-03-18 19:00:55	1	5	1	0
        3	2015-03-18 19:01:22	1	1	1	0
       11	2015-03-18 19:49:38	1	1	1	0
        2	2015-03-19 08:59:15	1	0	1	0
        3	2015-03-19 08:59:29	1	0	1	0
       13	2015-03-19 08:59:33	1	0	1	0
        4	2015-03-19 08:59:37	1	0	1	0
        6	2015-03-19 08:59:41	1	0	1	0
        7	2015-03-19 09:00:42	1	0	1	0
       11	2015-03-19 09:05:32	1	0	1	0
        5	2015-03-19 09:07:55	1	0	1	0
        8	2015-03-19 09:44:35	1	0	1	0
       13	2015-03-19 10:10:08	1	0	1	0
       11	2015-03-19 11:10:55	1	1	1	0
       13	2015-03-19 11:58:12	1	0	1	0
       13	2015-03-19 11:58:31	1	0	1	0
       13	2015-03-19 12:34:14	1	0	1	0
       13	2015-03-19 13:01:01	1	0	1	0
        2	2015-03-19 13:06:21	1	5	1	0
        6	2015-03-19 13:07:06	1	0	1	0
       11	2015-03-19 13:17:45	1	0	1	0
        3	2015-03-19 13:18:12	1	5	1	0
        4	2015-03-19 13:54:12	1	0	1	0
        7	2015-03-19 14:17:37	1	5	1	0
        2	2015-03-19 14:43:03	1	4	1	0
       13	2015-03-19 15:01:05	1	0	1	0
       13	2015-03-19 15:14:25	1	0	1	0
        3	2015-03-19 15:16:30	1	4	1	0
       13	2015-03-19 16:09:10	1	0	1	0
        7	2015-03-19 16:12:11	1	4	1	0
        4	2015-03-19 17:15:21	1	0	1	0
        2	2015-03-19 18:44:34	1	1	1	0
        5	2015-03-19 18:51:25	1	0	1	0
        3	2015-03-19 19:00:14	1	1	1	0
        7	2015-03-19 19:04:01	1	1	1	0
       11	2015-03-19 19:15:24	1	1	1	0
        6	2015-03-19 19:21:44	1	0	1	0
       13	2015-03-19 19:21:50	1	0	1	0
       13	2015-03-19 19:21:54	1	0	1	0
        4	2015-03-20 09:04:23	1	0	1	0
        7	2015-03-20 09:04:33	1	0	1	0
        3	2015-03-20 09:04:39	1	0	1	0
        5	2015-03-20 09:04:42	1	0	1	0
       13	2015-03-20 09:04:45	1	0	1	0
        8	2015-03-20 09:04:49	1	0	1	0
        6	2015-03-20 09:04:51	1	0	1	0
       11	2015-03-20 09:05:40	1	0	1	0
        2	2015-03-20 09:05:49	1	0	1	0
       13	2015-03-20 09:30:15	1	0	1	0
       13	2015-03-20 10:01:05	1	0	1	0
       13	2015-03-20 10:05:37	1	0	1	0
       13	2015-03-20 10:21:49	1	0	1	0
       13	2015-03-20 10:54:03	1	0	1	0
       11	2015-03-20 11:02:22	1	1	1	0
        4	2015-03-20 12:00:11	1	1	1	0
        2	2015-03-20 12:48:44	1	5	1	0
        6	2015-03-20 12:58:27	1	0	1	0
        5	2015-03-20 12:58:49	1	0	1	0
       11	2015-03-20 13:12:24	1	0	1	0
        3	2015-03-20 13:13:41	1	5	1	0
       13	2015-03-20 13:29:46	1	0	1	0
       13	2015-03-20 13:30:17	1	0	1	0
        4	2015-03-20 14:05:32	1	0	1	0
        7	2015-03-20 14:06:23	1	5	1	0
        5	2015-03-20 14:12:51	1	0	1	0
        2	2015-03-20 14:58:30	1	4	1	0
        6	2015-03-20 15:02:26	1	0	1	0
        3	2015-03-20 15:06:56	1	4	1	0
       13	2015-03-20 15:22:42	1	0	1	0
        7	2015-03-20 15:54:19	1	4	1	0
        4	2015-03-20 17:00:18	1	5	1	0
       13	2015-03-20 18:23:08	1	0	1	0
       13	2015-03-20 18:52:11	1	0	1	0
        3	2015-03-20 19:01:03	1	1	1	0
        8	2015-03-20 19:06:00	1	5	1	0
        2	2015-03-20 19:06:06	1	5	1	0
        7	2015-03-20 19:11:29	1	1	1	0
       11	2015-03-20 19:16:01	1	1	1	0
        5	2015-03-20 19:17:34	1	0	1	0
        6	2015-03-20 19:17:42	1	0	1	0
        2	2015-03-21 09:44:51	1	0	1	0
        5	2015-03-21 09:44:58	1	0	1	0
       13	2015-03-21 09:45:21	1	0	1	0
       13	2015-03-21 11:18:08	1	0	1	0
       13	2015-03-21 11:52:51	1	0	1	0
        2	2015-03-21 12:42:39	1	5	1	0
        6	2015-03-21 12:58:16	1	0	1	0
       13	2015-03-21 13:02:26	1	0	1	0
        2	2015-03-21 13:02:47	1	4	1	0
        5	2015-03-21 13:57:52	1	0	1	0
       13	2015-03-21 14:29:15	1	0	1	0
       13	2015-03-21 14:39:43	1	0	1	0
       13	2015-03-21 15:47:36	1	0	1	0
        5	2015-03-21 16:10:05	1	0	1	0
       13	2015-03-21 16:10:10	1	0	1	0
       13	2015-03-21 16:45:33	1	0	1	0
       13	2015-03-21 17:56:38	1	0	1	0
       13	2015-03-21 18:08:46	1	0	1	0
       13	2015-03-21 18:33:33	1	0	1	0
       13	2015-03-21 19:00:27	1	0	1	0
        4	2015-03-23 08:59:13	1	0	1	0
        3	2015-03-23 08:59:20	1	0	1	0
       13	2015-03-23 08:59:30	1	0	1	0
        2	2015-03-23 08:59:51	1	0	1	0
        5	2015-03-23 09:00:05	1	0	1	0
        6	2015-03-23 09:00:07	1	0	1	0
        8	2015-03-23 09:01:02	1	0	1	0
        7	2015-03-23 09:06:17	1	0	1	0
       11	2015-03-23 09:08:01	1	0	1	0
       13	2015-03-23 09:59:28	1	0	1	0
       11	2015-03-23 11:02:56	1	1	1	0
        4	2015-03-23 12:15:09	1	0	1	0
        2	2015-03-23 12:23:52	1	5	1	0
       11	2015-03-23 13:02:37	1	0	1	0
        3	2015-03-23 13:13:56	1	5	1	0
        6	2015-03-23 13:20:23	1	0	1	0
        5	2015-03-23 13:28:04	1	0	1	0
        4	2015-03-23 14:21:43	1	0	1	0
        7	2015-03-23 14:22:22	1	5	1	0
        2	2015-03-23 14:50:00	1	4	1	0
        5	2015-03-23 14:50:19	1	0	1	0
        3	2015-03-23 14:55:32	1	4	1	0
        7	2015-03-23 16:21:22	1	4	1	0
        4	2015-03-23 16:57:54	1	0	1	0
       13	2015-03-23 17:01:56	1	0	1	0
       13	2015-03-23 17:06:49	1	0	1	0
        3	2015-03-23 19:00:44	1	1	1	0
        2	2015-03-23 19:02:07	1	1	1	0
        5	2015-03-23 19:14:34	1	0	1	0
       11	2015-03-23 19:16:38	1	1	1	0
        7	2015-03-23 19:18:33	1	1	1	0
        8	2015-03-23 19:54:04	1	0	1	0
        8	2015-03-23 19:54:14	1	5	1	0
        6	2015-03-24 09:07:08	1	0	1	0
       13	2015-03-24 09:07:20	1	0	1	0
        4	2015-03-24 09:07:23	1	0	1	0
        5	2015-03-24 09:07:30	1	0	1	0
        3	2015-03-24 09:07:38	1	0	1	0
        8	2015-03-24 09:07:42	1	0	1	0
       11	2015-03-24 09:07:53	1	0	1	0
        2	2015-03-24 09:50:51	1	0	1	0
       11	2015-03-24 11:14:17	1	1	1	0
       13	2015-03-24 11:30:37	1	0	1	0
        4	2015-03-24 12:05:36	1	1	1	0
       11	2015-03-24 12:49:46	1	0	1	0
        6	2015-03-24 12:53:34	1	0	1	0
       13	2015-03-24 12:54:08	1	0	1	0
        2	2015-03-24 13:06:27	1	5	1	0
        3	2015-03-24 13:15:23	1	5	1	0
       13	2015-03-24 13:29:46	1	0	1	0
       13	2015-03-24 13:44:22	1	0	1	0
        2	2015-03-24 13:52:19	1	4	1	0
       13	2015-03-24 13:59:53	1	0	1	0
        4	2015-03-24 14:12:42	1	3	1	0
        3	2015-03-24 15:06:06	1	4	1	0
        4	2015-03-24 17:03:14	1	0	1	0
        2	2015-03-24 18:40:35	1	5	1	0
       11	2015-03-24 19:04:09	1	1	1	0
        5	2015-03-24 19:09:06	1	0	1	0
        3	2015-03-24 19:09:28	1	1	1	0
       13	2015-03-24 19:12:27	1	0	1	0
       13	2015-03-24 19:12:36	1	0	1	0
        6	2015-03-24 19:12:37	1	0	1	0
        8	2015-03-24 19:13:04	1	5	1	0
       13	2015-03-25 08:58:33	1	0	1	0
       11	2015-03-25 08:58:47	1	0	1	0
        6	2015-03-25 08:58:50	1	0	1	0
        7	2015-03-25 09:03:13	1	0	1	0
        5	2015-03-25 09:04:30	1	0	1	0
        8	2015-03-25 09:05:39	1	0	1	0
        3	2015-03-25 09:05:45	1	0	1	0
        2	2015-03-25 09:10:40	1	0	1	0
       13	2015-03-25 09:16:10	1	0	1	0
       13	2015-03-25 10:18:33	1	0	1	0
       13	2015-03-25 10:58:59	1	0	1	0
       11	2015-03-25 11:07:42	1	1	1	0
       13	2015-03-25 11:24:42	1	0	1	0
       13	2015-03-25 11:37:21	1	0	1	0
       13	2015-03-25 12:03:52	1	0	1	0
        2	2015-03-25 12:28:32	1	5	1	0
       13	2015-03-25 12:36:01	1	0	1	0
        6	2015-03-25 12:39:30	1	0	1	0
       13	2015-03-25 13:00:02	1	0	1	0
       11	2015-03-25 13:07:09	1	1	1	0
        3	2015-03-25 13:16:23	1	5	1	0
        7	2015-03-25 14:05:33	1	5	1	0
        2	2015-03-25 14:35:41	1	4	1	0
        3	2015-03-25 14:50:45	1	4	1	0
        6	2015-03-25 14:52:20	1	0	1	0
       13	2015-03-25 14:53:11	1	0	1	0
       13	2015-03-25 15:10:11	1	0	1	0
        5	2015-03-25 15:11:18	1	0	1	0
        7	2015-03-25 15:46:48	1	4	1	0
       13	2015-03-25 16:12:55	1	0	1	0
       13	2015-03-25 16:14:29	1	0	1	0
       13	2015-03-25 16:35:21	1	0	1	0
       13	2015-03-25 17:38:10	1	0	1	0
        8	2015-03-25 18:56:30	1	5	1	0
        2	2015-03-25 19:00:14	1	1	1	0
        7	2015-03-25 19:00:23	1	1	1	0
       13	2015-03-25 19:00:30	1	1	1	0
       13	2015-03-25 19:00:35	1	1	1	0
        3	2015-03-25 19:00:44	1	1	1	0
        6	2015-03-25 19:00:49	1	1	1	0
        5	2015-03-25 19:03:03	1	0	1	0
       11	2015-03-25 19:04:14	1	1	1	0
       13	2015-03-26 08:58:38	1	0	1	0
        3	2015-03-26 08:58:58	1	0	1	0
        6	2015-03-26 08:59:37	1	0	1	0
        2	2015-03-26 08:59:44	1	0	1	0
        5	2015-03-26 08:59:48	1	0	1	0
       11	2015-03-26 09:04:05	1	0	1	0
        4	2015-03-26 09:07:02	1	0	1	0
        7	2015-03-26 09:07:25	1	0	1	0
        8	2015-03-26 09:32:20	1	0	1	0
       13	2015-03-26 09:39:22	1	0	1	0
       13	2015-03-26 10:00:38	1	0	1	0
       13	2015-03-26 10:00:42	1	0	1	0
       13	2015-03-26 10:21:05	1	0	1	0
       11	2015-03-26 11:00:04	1	1	1	0
       13	2015-03-26 11:17:53	1	0	1	0
        4	2015-03-26 12:01:57	1	0	1	0
        2	2015-03-26 12:28:43	1	5	1	0
       13	2015-03-26 12:32:06	1	0	1	0
        6	2015-03-26 13:05:43	1	0	1	0
       13	2015-03-26 13:06:59	1	0	1	0
       11	2015-03-26 13:10:10	1	0	1	0
        3	2015-03-26 13:16:04	1	5	1	0
       13	2015-03-26 13:27:05	1	0	1	0
       13	2015-03-26 13:27:16	1	0	1	0
        7	2015-03-26 13:58:34	1	1	1	0
        4	2015-03-26 13:58:41	1	3	1	0
        2	2015-03-26 14:17:37	1	4	1	0
        6	2015-03-26 14:39:10	1	0	1	0
        3	2015-03-26 15:01:08	1	4	1	0
       13	2015-03-26 15:23:29	1	0	1	0
       13	2015-03-26 15:25:29	1	0	1	0
        7	2015-03-26 15:48:17	1	4	1	0
       13	2015-03-26 16:01:37	1	0	1	0
        4	2015-03-26 17:03:38	1	5	1	0
       13	2015-03-26 18:20:12	1	0	1	0
       13	2015-03-26 18:50:53	1	0	1	0
        2	2015-03-26 19:00:49	1	1	1	0
        3	2015-03-26 19:02:09	1	1	1	0
       13	2015-03-26 19:05:10	1	0	1	0
        8	2015-03-26 19:08:50	1	5	1	0
        5	2015-03-26 19:10:11	1	0	1	0
       11	2015-03-26 19:12:56	1	1	1	0
       13	2015-03-27 09:09:33	1	0	1	0
        2	2015-03-27 09:09:39	1	0	1	0
        4	2015-03-27 09:09:46	1	0	1	0
       11	2015-03-27 09:09:50	1	0	1	0
        3	2015-03-27 09:09:57	1	0	1	0
        8	2015-03-27 09:10:01	1	0	1	0
        5	2015-03-27 09:10:09	1	0	1	0
        6	2015-03-27 09:10:11	1	0	1	0
        7	2015-03-27 09:14:15	1	0	1	0
        2	2015-03-27 12:27:37	1	5	1	0
        2	2015-03-27 12:40:46	1	4	1	0
        4	2015-03-27 14:05:31	1	3	1	0
       13	2015-03-27 14:57:15	1	0	1	0
        2	2015-03-27 18:58:16	1	1	1	0
        3	2015-03-27 19:00:17	1	1	1	0
       13	2015-03-27 19:00:23	1	1	1	0
        7	2015-03-27 19:01:38	1	1	1	0
       11	2015-03-27 19:13:46	1	1	1	0
        8	2015-03-27 19:23:30	1	5	1	0
        2	2015-03-28 09:42:51	1	0	1	0
       13	2015-03-28 09:43:06	1	0	1	0
        2	2015-03-28 13:03:53	1	5	1	0
       13	2015-03-28 13:04:09	1	0	1	0
        2	2015-03-28 14:06:44	1	4	1	0
       13	2015-03-28 14:31:06	1	0	1	0
       13	2015-03-28 14:31:10	1	0	1	0
       13	2015-03-28 15:02:03	1	0	1	0
       13	2015-03-28 19:00:28	1	0	1	0
        8	2015-03-30 09:05:57	1	0	1	0
        2	2015-03-30 09:06:03	1	0	1	0
       11	2015-03-30 09:06:09	1	0	1	0
        3	2015-03-30 09:06:15	1	0	1	0
        7	2015-03-30 09:06:27	1	0	1	0
        5	2015-03-30 09:06:55	1	0	1	0
        6	2015-03-30 09:08:12	1	0	1	0
        4	2015-03-30 09:15:18	1	0	1	0
       11	2015-03-30 11:04:41	1	1	1	0
        2	2015-03-30 12:12:07	1	5	1	0
       11	2015-03-30 13:11:35	1	0	1	0
        3	2015-03-30 13:12:33	1	5	1	0
        6	2015-03-30 13:16:38	1	0	1	0
        2	2015-03-30 13:52:45	1	4	1	0
        4	2015-03-30 14:19:12	1	1	1	0
        5	2015-03-30 14:24:20	1	0	1	0
        5	2015-03-30 14:40:35	1	0	1	0
        7	2015-03-30 14:40:55	1	5	1	0
        6	2015-03-30 14:50:06	1	0	1	0
        3	2015-03-30 15:00:22	1	4	1	0
        7	2015-03-30 15:46:40	1	0	1	0
        4	2015-03-30 17:38:05	1	0	1	0
        2	2015-03-30 18:51:20	1	1	1	0
        7	2015-03-30 18:59:38	1	1	1	0
        3	2015-03-30 19:00:29	1	5	1	0
       11	2015-03-30 19:02:18	1	1	1	0
        6	2015-03-30 19:16:05	1	0	1	0
        5	2015-03-30 19:16:08	1	0	1	0
        5	2015-03-30 19:16:11	1	0	1	0
        5	2015-03-30 19:16:14	1	0	1	0
       11	2015-03-31 09:01:11	1	0	1	0
        8	2015-03-31 09:05:15	1	0	1	0
        3	2015-03-31 09:05:41	1	0	1	0
        7	2015-03-31 09:09:41	1	0	1	0
        5	2015-03-31 09:10:41	1	0	1	0
        4	2015-03-31 09:11:23	1	0	1	0
        4	2015-03-31 09:11:32	1	0	1	0
        6	2015-03-31 09:17:57	1	0	1	0
        2	2015-03-31 09:19:56	1	0	1	0
       11	2015-03-31 11:11:36	1	1	1	0
        4	2015-03-31 12:04:19	1	0	1	0
        1	2015-03-31 12:06:05	1	0	0	0
